-0.08108,219,-0.08768,-0.07405
-0.08618,219,-0.09464,-0.07734
-0.09133,219,-0.1011,-0.08034
-0.09555,219,-0.10751,-0.08224
-0.10012,219,-0.11384,-0.0836
-0.10494,219,-0.12063,-0.08535
-0.10965,219,-0.12845,-0.08684
-0.11338,219,-0.13597,-0.08856
-0.11628,219,-0.1425,-0.08907
-0.11907,219,-0.14914,-0.08763
-0.12159,219,-0.15669,-0.08405
-0.12379,219,-0.16378,-0.07992
-0.1258,219,-0.1719,-0.07564
-0.12815,219,-0.18114,-0.07207
-0.13038,219,-0.19114,-0.0681
-0.13271,219,-0.20155,-0.06376
-0.13452,219,-0.21182,-0.05883
-0.13589,219,-0.22165,-0.05302
-0.13685,219,-0.2312,-0.04591
-0.13679,219,-0.24032,-0.03539
-0.13595,219,-0.24941,-0.02338
-0.13505,219,-0.2581,-0.0094
-0.13382,218,-0.26951,-0.00082
-0.13268,217,-0.28264,-0.01
-0.13126,216,-0.29605,-0.02321
-0.12914,216,-0.31011,-0.00667
-0.12944,213,-0.32527,-0.0157
-0.12899,213,-0.34192,-0.0083
-0.12956,212,-0.35961,-0.0037
-0.1314,210,-0.37936,-0.00075
-0.13306,207,-0.3993,-0.01632
-0.13182,207,-0.42003,-0.00503
-0.13018,206,-0.44062,-0.01211
-0.12822,205,-0.46056,-0.00404
-0.12935,200,-0.48019,-0.00521
-0.12867,199,-0.49768,-0.00036
-0.13219,192,-0.51485,-0.00256
-0.1321,190,-0.53199,-0.00132
-0.13132,189,-0.54563,-0.00231
-0.13048,186,-0.55757,-0.0015
-0.12913,181,-0.57152,-0.00672
-0.12521,178,-0.58596,-0.00795
-0.1202,176,-0.59951,-0.0001
-0.12505,163,-0.61223,-0.00093
-0.1306,152,-0.626,-0.00135
-0.13404,145,-0.64085,-0.00308
-0.13393,144,-0.65646,-0.00119
-0.13622,141,-0.67489,-0.00162
-0.14027,137,-0.69705,-0.00126
-0.14209,136,-0.71746,-0.00264
-0.14643,133,-0.73614,-0.00021
-0.14913,132,-0.75346,-0.00032
-0.14808,135,-0.76981,-0.00141
-0.15183,133,-0.78471,-0.00373
-0.15325,133,-0.7983,-0.00295
-0.15387,133,-0.81065,-0.00042
-0.16105,127,-0.82225,-0.00283
-0.15648,130,-0.8336,-0.00294
-0.16355,124,-0.8437,-0.00286
-0.16582,123,-0.85272,-0.00185
-0.16989,121,-0.86159,-0.00137
-0.17261,121,-0.87134,-0.00398
-0.17464,121,-0.88149,-0.00175
-0.17803,120,-0.89118,-0.00424
-0.18096,119,-0.90059,-0.00088
-0.18968,114,-0.9091,-0.00076
-0.1912,113,-0.91643,-0.00085
-0.19432,112,-0.92333,-0.00063
-0.20066,110,-0.92936,-0.00076
-0.20576,109,-0.9343,-0.00022
-0.20897,110,-0.93934,-0.00144
-0.21536,109,-0.94392,-0.00201
-0.21733,109,-0.94754,-0.00148
-0.22027,108,-0.95055,-0.00163
-0.21539,110,-0.95275,-0.00241
-0.21582,110,-0.9549,-0.00029
-0.22048,108,-0.95706,-0.00098
-0.21739,109,-0.95875,-0.00185
-0.20972,112,-0.96047,-0.00108
-0.20571,113,-0.96185,-0.00047
-0.20323,114,-0.96347,-0.00113
-0.20732,112,-0.96518,-0.00036
-0.21634,108,-0.96698,-0.00042
-0.21954,107,-0.96839,-0.00433
-0.22063,107,-0.96973,-0.00911
-0.22165,107,-0.97102,-0.00287
-0.21895,109,-0.97236,-0.00271
-0.21963,109,-0.97383,-0.0032
-0.22326,107,-0.97507,-0.00959
-0.21873,109,-0.97639,-0.00067
-0.21861,109,-0.97764,-0.0022
-0.21806,109,-0.97876,-0.0015
-0.21585,109,-0.97953,-0.00347
-0.21675,108,-0.98022,-0.00012
-0.22333,104,-0.98074,-0.00014
-0.22366,103,-0.98103,-0.00366
-0.22046,104,-0.98126,-0.00034
-0.21972,104,-0.98147,-0.00668
-0.21196,108,-0.98173,-0.00018
-0.21655,106,-0.98192,-0.00347
-0.22173,104,-0.98206,-0.0137
-0.22259,104,-0.98217,-0.01103
-0.22409,104,-0.9823,-0.00686
-0.22658,104,-0.98247,-0.00245
-0.23172,103,-0.98281,-0.00058
-0.23337,103,-0.98315,-0.00056
-0.23626,102,-0.98338,-0.00226
-0.22738,105,-0.98343,-0.00034
-0.22691,104,-0.98342,-0.00114
-0.22179,105,-0.98343,-0.00069
-0.22021,104,-0.98328,-0.0007
-0.21755,103,-0.98301,-0.00086
-0.21635,102,-0.98281,-0.01133
-0.21568,102,-0.98276,-0.01434
-0.21187,104,-0.98267,-0.00292
-0.21679,102,-0.98256,-0.00906
-0.21485,104,-0.98256,-0.00033
-0.21819,104,-0.98274,-0.00285
-0.21958,104,-0.98288,-0.00707
-0.22088,104,-0.98318,-0.00927
-0.21818,106,-0.98357,-0.00321
-0.21895,106,-0.98407,-0.00222
-0.21847,106,-0.98447,-0.00504
-0.21941,105,-0.98471,-0.01535
-0.21709,105,-0.9847,-0.01398
-0.21391,106,-0.98473,-0.00789
-0.2115,107,-0.98465,-0.00017
-0.21168,107,-0.98436,-0.00081
-0.21754,104,-0.98398,-0.00896
-0.21923,103,-0.98365,-0.00794
-0.2168,104,-0.98342,-0.00234
-0.21813,103,-0.98322,-0.00561
-0.21651,103,-0.98311,-0.00414
-0.21545,103,-0.98309,-0.0021
-0.21201,105,-0.98328,-0.0009
-0.21481,104,-0.98344,-0.00218
-0.21899,103,-0.98378,-0.01114
-0.22336,102,-0.98418,-0.00835
-0.22512,102,-0.9844,-0.00261
-0.22844,101,-0.98455,-0.01694
-0.22839,101,-0.98461,-0.01326
-0.22455,102,-0.98448,-0.00213
-0.21572,105,-0.98437,-0.00129
-0.21716,103,-0.98423,-0.00694
-0.2147,103,-0.98397,-0.0105
-0.20885,105,-0.98369,-0.00295
-0.20772,105,-0.98339,-0.00468
-0.20032,109,-0.98321,-0.0002
-0.20526,107,-0.98304,-0.00658
-0.20772,107,-0.98282,-0.00762
-0.21278,106,-0.98274,-0.0078
-0.21141,107,-0.98242,-0.0022
-0.21261,107,-0.98234,-0.00071
-0.2133,106,-0.98232,-0.00632
-0.21135,106,-0.98239,-0.00556
-0.20771,107,-0.98245,-0.00046
-0.21084,105,-0.98253,-0.00468
-0.21004,105,-0.98274,-0.00198
-0.20909,105,-0.98294,-0.00282
-0.20755,106,-0.98312,-0.00132
-0.21056,105,-0.98327,-0.0007
-0.21467,104,-0.98344,-0.00312
-0.21039,107,-0.98348,-0.0017
-0.21614,105,-0.98333,-0.00245
-0.21973,104,-0.9832,-0.00418
-0.2174,105,-0.983,-0.00199
-0.21273,106,-0.9826,-0.0013
-0.20923,106,-0.98236,-0.00259
-0.20578,106,-0.98207,-0.00422
-0.2033,106,-0.98194,-0.00756
-0.20133,106,-0.98169,-0.01054
-0.2012,105,-0.98137,-0.012
-0.20058,105,-0.9811,-0.01209
-0.20012,106,-0.98114,-0.00225
-0.20257,106,-0.98127,-0.00215
-0.20859,104,-0.98131,-0.0018
-0.21355,103,-0.98154,-0.00766
-0.21448,103,-0.98167,-0.00721
-0.20862,105,-0.9816,-0.0045
-0.20298,107,-0.98148,-0.00297
-0.20288,106,-0.98128,-0.00702
-0.20165,106,-0.98118,-0.00894
-0.19946,107,-0.98118,-0.00163
-0.20156,106,-0.98137,-0.00222
-0.20451,105,-0.98158,-0.00543
-0.20645,105,-0.9819,-0.00346
-0.20699,106,-0.98221,-0.00206
-0.2093,106,-0.98251,-0.0015
-0.20677,108,-0.9827,-0.00099
-0.20698,108,-0.98285,-0.00339
-0.20691,108,-0.98283,-0.00535
-0.20844,107,-0.98272,-0.00229
-0.20871,106,-0.98229,-0.0029
-0.20461,107,-0.98181,-0.00096
-0.20089,108,-0.98129,-0.00175
-0.20124,107,-0.98101,-0.00353
-0.20314,106,-0.98098,-0.00279
-0.20503,106,-0.98122,-0.0029
-0.20432,108,-0.98153,-0.00184
-0.20622,108,-0.98176,-0.00017
