0.488
1.96
2.955
3.745
4.134
4.74
5.175
5.408
5.653
5.851
6.008
6.125
6.29
6.307
6.542
6.615
6.671
6.778
6.838
6.904
6.9
7.075
7.164
7.183
7.267
7.238
7.352
7.324
7.378
7.442
7.522
7.456
7.439
7.573
7.704
7.787
7.767
7.755
7.877
7.848
7.87
7.877
7.954
8.036
8.045
8.145
8.311
8.298
8.453
8.469
8.473
8.468
8.53
8.584
8.542
8.64
8.658
8.725
8.686
8.714
8.768
8.774
8.749
8.784
8.788
8.806
8.852
8.845
8.865
8.859
8.88
8.854
8.917
8.882
8.924
8.907
8.905
8.931
8.878
8.951
8.928
8.955
8.946
8.95
8.992
8.894
8.981
8.96
8.985
8.955
8.974
8.959
8.981
8.99
8.971
9.002
8.996
9.004
8.999
8.983
8.986
9.012
8.99
8.989
8.986
8.99
9.02
9.001
9.006
9.028
9.04
9.039
9.035
9.012
9.023
9.01
9.031
9.012
9.032
9.024
9.029
9.018
9.008
9.001
9.048
9.027
9.05
9.036
9.057
9.044
9.042
9.052
9.052
9.055
9.053
9.054
9.02
9.071
9.063
9.067
9.037
9.052
9.073
9.028
9.073
9.064
9.045
9.074
9.036
9.067
9.088
9.041
9.079
9.061
9.062
9.08
9.091
9.07
9.044
9.078
9.028
9.086
9.076
9.069
9.081
9.082
9.091
9.077
9.084
9.068
9.042
9.101
9.07
9.069
9.085
9.101
9.091
9.071
9.107
9.093
9.098
9.084
9.076
9.094
9.064
9.098
9.075
9.093
9.088
9.086
9.105
9.073
9.094
9.086
9.099
9.093
9.1
9.084
9.086
9.076
